0.000000	0.000000	1.000000
0.000000	-0.707107	0.707107
0.707107	0.000000	0.707107
0.000000	-0.382683	0.923880
0.382683	0.000000	0.923880
0.408248	-0.408248	0.816497
0.000000	0.382683	0.923880
-0.382683	0.000000	0.923880
0.408248	0.408248	0.816497
-0.408248	-0.408248	0.816497
-0.408248	0.408248	0.816497
-1.000000	0.000000	0.000000
-0.707107	0.000000	0.707107
-0.707107	0.707107	0.000000
-0.923880	0.000000	0.382683
-0.923880	0.382683	0.000000
-0.816497	0.408248	0.408248
-0.923880	0.000000	-0.382683
-0.923880	-0.382683	0.000000
-0.816497	0.408248	-0.408248
-0.816497	-0.408248	0.408248
-0.816497	-0.408248	-0.408248
0.000000	-1.000000	0.000000
-0.707107	-0.707107	0.000000
0.000000	-0.707107	-0.707107
-0.382683	-0.923880	0.000000
0.000000	-0.923880	-0.382683
-0.408248	-0.816497	-0.408248
0.382683	-0.923880	0.000000
0.000000	-0.923880	0.382683
0.408248	-0.816497	-0.408248
-0.408248	-0.816497	0.408248
0.408248	-0.816497	0.408248
-0.000000	-0.000000	-1.000000
0.000000	0.707107	-0.707107
-0.707107	-0.000000	-0.707107
0.000000	0.382683	-0.923880
-0.382683	-0.000000	-0.923880
-0.408248	0.408248	-0.816497
-0.000000	-0.382683	-0.923880
0.382683	0.000000	-0.923880
-0.408248	-0.408248	-0.816497
0.408248	0.408248	-0.816497
0.408248	-0.408248	-0.816497
1.000000	0.000000	0.000000
0.707107	0.000000	-0.707107
0.707107	-0.707107	0.000000
0.923880	0.000000	-0.382683
0.923880	-0.382683	0.000000
0.816497	-0.408248	-0.408248
0.923880	0.000000	0.382683
0.923880	0.382683	0.000000
0.816497	-0.408248	0.408248
0.816497	0.408248	-0.408248
0.816497	0.408248	0.408248
0.000000	1.000000	0.000000
0.707107	0.707107	0.000000
0.000000	0.707107	0.707107
0.382683	0.923880	0.000000
0.000000	0.923880	0.382683
0.408248	0.816497	0.408248
-0.382683	0.923880	0.000000
0.000000	0.923880	-0.382683
-0.408248	0.816497	0.408248
0.408248	0.816497	-0.408248
-0.408248	0.816497	-0.408248
0.382683	0.000000	0.923880
0.353553	0.146447	0.923880
0.270598	0.270598	0.923880
0.146447	0.353553	0.923880
-0.000000	0.382683	0.923880
-0.146447	0.353553	0.923880
-0.270598	0.270598	0.923880
-0.353553	0.146447	0.923880
-0.382683	-0.000000	0.923880
-0.353553	-0.146447	0.923880
-0.270598	-0.270598	0.923880
-0.146446	-0.353553	0.923880
0.000000	-0.382683	0.923880
0.146447	-0.353553	0.923880
0.270598	-0.270598	0.923880
0.353553	-0.146447	0.923880
0.707107	0.000000	0.707107
0.653281	0.270598	0.707107
0.500000	0.500000	0.707107
0.270598	0.653281	0.707107
-0.000000	0.707107	0.707107
-0.270598	0.653281	0.707107
-0.500000	0.500000	0.707107
-0.653282	0.270598	0.707107
-0.707107	-0.000000	0.707107
-0.653281	-0.270598	0.707107
-0.500000	-0.500000	0.707107
-0.270598	-0.653282	0.707107
0.000000	-0.707107	0.707107
0.270598	-0.653281	0.707107
0.500000	-0.500000	0.707107
0.653282	-0.270598	0.707107
0.923880	0.000000	0.382683
0.853553	0.353553	0.382683
0.653281	0.653281	0.382683
0.353553	0.853553	0.382683
-0.000000	0.923880	0.382683
-0.353553	0.853553	0.382683
-0.653281	0.653281	0.382683
-0.853553	0.353553	0.382683
-0.923880	-0.000000	0.382683
-0.853553	-0.353553	0.382683
-0.653281	-0.653282	0.382683
-0.353553	-0.853553	0.382683
0.000000	-0.923880	0.382683
0.353554	-0.853553	0.382683
0.653282	-0.653281	0.382683
0.853553	-0.353553	0.382683
1.000000	0.000000	-0.000000
0.923880	0.382683	-0.000000
0.707107	0.707107	-0.000000
0.382683	0.923880	-0.000000
-0.000000	1.000000	-0.000000
-0.382684	0.923880	-0.000000
-0.707107	0.707107	-0.000000
-0.923880	0.382683	-0.000000
-1.000000	-0.000000	-0.000000
-0.923880	-0.382683	-0.000000
-0.707107	-0.707107	-0.000000
-0.382683	-0.923880	-0.000000
0.000000	-1.000000	-0.000000
0.382684	-0.923879	-0.000000
0.707107	-0.707107	-0.000000
0.923880	-0.382683	-0.000000
0.923880	0.000000	-0.382684
0.853553	0.353553	-0.382684
0.653281	0.653281	-0.382684
0.353553	0.853553	-0.382684
-0.000000	0.923880	-0.382684
-0.353553	0.853553	-0.382684
-0.653281	0.653281	-0.382684
-0.853553	0.353553	-0.382684
-0.923880	-0.000000	-0.382684
-0.853553	-0.353553	-0.382684
-0.653281	-0.653282	-0.382684
-0.353553	-0.853553	-0.382684
0.000000	-0.923880	-0.382684
0.353554	-0.853553	-0.382684
0.653282	-0.653281	-0.382684
0.853553	-0.353553	-0.382684
0.707107	0.000000	-0.707107
0.653281	0.270598	-0.707107
0.500000	0.500000	-0.707107
0.270598	0.653281	-0.707107
-0.000000	0.707107	-0.707107
-0.270598	0.653281	-0.707107
-0.500000	0.500000	-0.707107
-0.653282	0.270598	-0.707107
-0.707107	-0.000000	-0.707107
-0.653281	-0.270598	-0.707107
-0.500000	-0.500000	-0.707107
-0.270598	-0.653282	-0.707107
0.000000	-0.707107	-0.707107
0.270598	-0.653281	-0.707107
0.500000	-0.500000	-0.707107
0.653282	-0.270598	-0.707107
0.382683	0.000000	-0.923880
0.353553	0.146447	-0.923880
0.270598	0.270598	-0.923880
0.146447	0.353553	-0.923880
-0.000000	0.382683	-0.923880
-0.146447	0.353553	-0.923880
-0.270598	0.270598	-0.923880
-0.353553	0.146446	-0.923880
-0.382683	-0.000000	-0.923880
-0.353553	-0.146447	-0.923880
-0.270598	-0.270598	-0.923880
-0.146446	-0.353553	-0.923880
0.000000	-0.382683	-0.923880
0.146447	-0.353553	-0.923880
0.270598	-0.270598	-0.923880
0.353553	-0.146447	-0.923880
