-85070.906250	-20555.730469	996162.875000	
-77550.585938	-20568.384766	996776.187500	
-70016.953125	-20579.886719	997333.500000	
-62471.378906	-20590.222656	997834.375000	
-54915.007813	-20599.386719	998278.500000	
-47349.253906	-20607.378906	998665.812500	
-39775.289063	-20614.191406	998995.937500	
-32194.525391	-20619.824219	999268.937500	
-24608.191406	-20624.273438	999484.437500	
-17017.548828	-20627.531250	999642.375000	
-9424.019531	-20629.603516	999742.812500	
-1828.802124	-20630.482422	999785.500000	
5766.672852	-20630.175781	999770.562500	
13361.150391	-20628.675781	999697.937500	
20953.375000	-20625.990234	999567.687500	
28541.917969	-20622.113281	999379.875000	
36125.585938	-20617.052734	999134.625000	
43702.960938	-20610.806641	998831.937500	
51272.804688	-20603.382813	998472.125000	
58833.875000	-20594.781250	998055.312500	
66384.781250	-20585.009766	997581.750000	
73924.351563	-20574.070313	997051.625000	
81451.210938	-20561.970703	996465.187500	
88964.148438	-20548.714844	995822.812500	
96462.007813	-20534.312500	995124.875000	
103943.421875	-20518.769531	994371.562500	
111407.296875	-20502.089844	993563.437500	
118852.281250	-20484.287109	992700.562500	
126277.296875	-20465.371094	991783.875000	
133681.187500	-20445.347656	990813.437500	
-85081.640625	-13049.183594	996288.562500	
-77560.390625	-13057.221680	996902.250000	
-70025.804688	-13064.523438	997459.687500	
-62479.285156	-13071.084961	997960.687500	
-54921.968750	-13076.905273	998405.062500	
-47355.261719	-13081.979492	998792.437500	
-39780.339844	-13086.305664	999122.812500	
-32198.611328	-13089.882813	999395.875000	
-24611.318359	-13092.706055	999611.437500	
-17019.708984	-13094.775391	999769.375000	
-9425.217773	-13096.090820	999869.812500	
-1829.034790	-13096.651367	999912.625000	
5767.405762	-13096.454102	999897.625000	
13362.847656	-13095.502930	999824.937500	
20956.037109	-13093.796875	999694.687500	
28545.542969	-13091.335938	999506.812500	
36130.171875	-13088.121094	999261.312500	
43708.507813	-13084.157227	998958.687500	
51279.304688	-13079.442383	998598.750000	
58841.320313	-13073.979492	998181.687500	
66393.179688	-13067.775391	997707.937500	
73933.679688	-13060.829102	997177.625000	
81461.500000	-13053.146484	996591.062500	
88975.367188	-13044.727539	995948.375000	
96474.156250	-13035.582031	995250.125000	
103956.484375	-13025.711914	994496.500000	
111421.273438	-13015.123047	993688.062500	
118867.179688	-13003.819336	992825.062500	
126293.093750	-12991.807617	991907.937500	
133697.890625	-12979.091797	990937.187500	
-85087.585938	-5540.429688	996358.125000	
-77565.804688	-5543.842285	996971.875000	
-70030.703125	-5546.942871	997529.437500	
-62483.656250	-5549.729004	998030.500000	
-54925.816406	-5552.200684	998475.000000	
-47358.582031	-5554.354980	998862.500000	
-39783.132813	-5556.192871	999192.875000	
-32200.873047	-5557.711426	999466.000000	
-24613.044922	-5558.910156	999681.562500	
-17020.908203	-5559.789551	999839.687500	
-0.005977	-0.003526	0.634019	
-0.001160	-0.003526	0.634037	
0.003657	-0.003526	0.634054	
0.008474	-0.003526	0.634072	
0.013320	-0.003533	0.635409	
0.018198	-0.003543	0.637205	
0.023105	-0.003553	0.639011	
43711.570313	-5555.279785	999028.687500	
51282.894531	-5553.277832	998668.687500	
58845.445313	-5550.958496	998251.625000	
66397.820313	-5548.323730	997777.750000	
73938.851563	-5545.374023	997247.250000	
81467.187500	-5542.111816	996660.687500	
88981.585938	-5538.537598	996017.875000	
96480.867188	-5534.653320	995319.437500	
103963.718750	-5530.462402	994565.750000	
111429.007813	-5525.965820	993757.000000	
118875.406250	-5521.165039	992893.750000	
126301.828125	-5516.064941	991976.562500	
133707.140625	-5510.666016	991005.687500	
-85088.718750	1969.292114	996371.500000	
-77566.843750	1970.505127	996985.250000	
-70031.640625	1971.607056	997542.875000	
-62484.503906	1972.597778	998044.000000	
-54926.558594	1973.476318	998488.437500	
-47359.218750	1974.242065	998875.937500	
-39783.664063	1974.895142	999206.375000	
-0.020201	0.001239	0.627024	
-0.015438	0.001239	0.627041	
-0.010675	0.001239	0.627058	
-0.005911	0.001239	0.627076	
-0.001147	0.001239	0.627093	
0.003617	0.001239	0.627111	
0.008382	0.001239	0.627128	
0.013146	0.001240	0.627145	
0.017912	0.001240	0.627163	
0.022677	0.001240	0.627180	
0.027442	0.001240	0.627198	
0.032208	0.001240	0.627215	
0.036974	0.001240	0.627232	
0.041741	0.001240	0.627250	
0.046507	0.001240	0.627267	
81468.265625	1969.890015	996673.937500	
88982.773438	1968.619629	996031.250000	
96482.164063	1967.239136	995332.750000	
103965.109375	1965.749268	994579.062500	
111430.492188	1964.150879	993770.312500	
118877.000000	1962.444702	992907.062500	
126303.507813	1960.631714	991989.687500	
133708.875000	1958.712524	991018.625000	
-85085.054688	9478.650391	996328.562500	
-77563.500000	9484.489258	996942.250000	
-70028.617188	9489.792969	997499.750000	
-62481.804688	9494.560547	998000.937500	
-54924.187500	9498.789063	998445.312500	
-0.029406	0.005901	0.620220	
-0.024694	0.005900	0.620215	
-0.019983	0.005901	0.620232	
-0.015271	0.005901	0.620249	
-0.010559	0.005901	0.620266	
-0.005847	0.005901	0.620283	
-0.001135	0.005901	0.620300	
0.003578	0.005901	0.620317	
0.008291	0.005902	0.620335	
0.013004	0.005902	0.620351	
0.017717	0.005902	0.620368	
0.022431	0.005902	0.620385	
0.027145	0.005902	0.620403	
0.031859	0.005902	0.620420	
0.036574	0.005903	0.620437	
0.041289	0.005903	0.620454	
0.046004	0.005903	0.620471	
0.050719	0.005903	0.620488	
0.055840	0.005946	0.625051	
96478.023438	9468.770508	995290.062500	
103960.648438	9461.600586	994536.375000	
111425.726563	9453.908203	993727.812500	
118871.921875	9445.696289	992864.625000	
126298.132813	9436.970703	991947.500000	
133703.218750	9427.734375	990976.562500	
-85076.609375	16986.408203	996229.562500	
-77555.781250	16996.867188	996843.125000	
-70021.648438	17006.371094	997400.500000	
-62475.578125	17014.914063	997901.437500	
-0.033876	0.010500	0.615820	
-0.029090	0.010462	0.613553	
-0.024429	0.010462	0.613570	
-0.019769	0.010462	0.613586	
-0.015107	0.010462	0.613603	
-0.010446	0.010463	0.613620	
-0.005784	0.010463	0.613636	
-0.001122	0.010463	0.613653	
0.003540	0.010463	0.613670	
0.008202	0.010464	0.613687	
0.012865	0.010464	0.613703	
0.017528	0.010464	0.613720	
0.022191	0.010465	0.613737	
0.026854	0.010465	0.613753	
0.031518	0.010465	0.613770	
0.036182	0.010465	0.613786	
0.040846	0.010466	0.613803	
0.045510	0.010466	0.613820	
0.050175	0.010466	0.613836	
0.054840	0.010467	0.613853	
0.059568	0.010478	0.614516	
103950.359375	16955.857422	994437.937500	
111414.710938	16942.074219	993629.500000	
118860.203125	16927.363281	992766.750000	
126285.687500	16911.726563	991849.750000	
133690.062500	16895.177734	990879.125000	
-85063.359375	24491.291016	996074.562500	
-77543.695313	24506.367188	996687.687500	
-70010.718750	24520.066406	997244.812500	
-62465.812500	24532.375000	997745.437500	
-0.033430	0.014942	0.607718	
-0.028782	0.014926	0.607049	
-0.024170	0.014926	0.607065	
-0.019559	0.014927	0.607082	
-0.014947	0.014927	0.607098	
-0.010335	0.014928	0.607114	
-0.005723	0.014928	0.607130	
-0.001111	0.014928	0.607147	
0.003502	0.014929	0.607163	
0.008115	0.014929	0.607179	
0.012728	0.014930	0.607196	
0.017342	0.014930	0.607212	
0.021955	0.014930	0.607228	
0.026569	0.014931	0.607245	
0.031184	0.014931	0.607261	
0.035798	0.014932	0.607277	
0.040413	0.014932	0.607294	
0.045028	0.014932	0.607310	
0.049643	0.014933	0.607326	
0.054258	0.014933	0.607343	
0.058874	0.014934	0.607359	
0.063537	0.014945	0.607820	
111397.453125	24427.390625	993475.625000	
118841.820313	24406.185547	992613.187500	
126266.210938	24383.650391	991696.687500	
133669.468750	24359.794922	990726.500000	
-85045.328125	31992.066406	995863.312500	
-77527.234375	32011.751953	996476.125000	
-69995.851563	32029.640625	997033.000000	
-0.037783	0.019387	0.603493	
-0.033042	0.019296	0.600665	
-0.028480	0.019297	0.600681	
-0.023917	0.019297	0.600697	
-0.019354	0.019298	0.600713	
-0.014790	0.019298	0.600729	
-0.010227	0.019299	0.600745	
-0.005663	0.019299	0.600761	
-0.001099	0.019300	0.600777	
0.003465	0.019300	0.600793	
0.008030	0.019301	0.600809	
0.012595	0.019301	0.600825	
0.017160	0.019302	0.600841	
0.021725	0.019303	0.600857	
0.026291	0.019303	0.600873	
0.030856	0.019304	0.600889	
0.035422	0.019304	0.600905	
0.039989	0.019305	0.600921	
0.044555	0.019305	0.600937	
0.049122	0.019306	0.600953	
0.053689	0.019306	0.600969	
0.058256	0.019307	0.600985	
0.062930	0.019340	0.602016	
111373.976563	31908.630859	993266.250000	
118816.789063	31880.941406	992404.187500	
126239.671875	31851.519531	991488.312500	
133641.437500	31820.367188	990518.750000	
-85022.523438	39487.382813	995596.375000	
-77506.414063	39511.664063	996208.562500	
-69977.031250	39533.730469	996764.875000	
-0.037296	0.023627	0.595711	
-0.032699	0.023576	0.594430	
-0.028184	0.023577	0.594446	
-0.023669	0.023578	0.594461	
-0.019153	0.023578	0.594477	
-0.014637	0.023579	0.594493	
-0.010121	0.023579	0.594508	
-0.005604	0.023580	0.594524	
-0.001088	0.023581	0.594540	
0.003429	0.023581	0.594555	
0.007947	0.023582	0.594571	
0.012464	0.023583	0.594586	
0.016982	0.023583	0.594602	
0.021500	0.023584	0.594618	
0.026018	0.023584	0.594633	
0.030536	0.023585	0.594649	
0.035055	0.023586	0.594665	
0.039573	0.023586	0.594680	
0.044093	0.023587	0.594696	
0.048612	0.023587	0.594712	
0.053131	0.023588	0.594727	
0.057651	0.023589	0.594743	
0.062335	0.023651	0.596322	
0.067201	0.023770	0.599321	
118785.156250	39350.296875	992140.000000	
126206.101563	39313.996094	991224.687500	
133605.984375	39275.570313	990256.000000	
-84994.953125	46976.089844	995273.437500	
-77481.257813	47004.960938	995885.062500	
-0.041579	0.027954	0.592261	
-0.036832	0.027768	0.588308	
-0.032363	0.027768	0.588323	
-0.027895	0.027769	0.588338	
-0.023425	0.027770	0.588354	
-0.018956	0.027771	0.588369	
-0.014487	0.027771	0.588384	
-0.010017	0.027772	0.588400	
-0.005547	0.027773	0.588415	
-0.001076	0.027773	0.588430	
0.003394	0.027774	0.588445	
0.007865	0.027775	0.588461	
0.012336	0.027776	0.588476	
0.016807	0.027776	0.588492	
0.021279	0.027777	0.588507	
0.025750	0.027778	0.588522	
0.030222	0.027778	0.588538	
0.034694	0.027779	0.588553	
0.039167	0.027780	0.588568	
0.043639	0.027781	0.588583	
0.048112	0.027781	0.588599	
0.052585	0.027782	0.588614	
0.057059	0.027783	0.588629	
0.061751	0.027882	0.590735	
0.066568	0.028021	0.593678	
118746.906250	46813.117188	991820.437500	
126165.523438	46769.953125	990906.000000	
133563.109375	46724.273438	989938.250000	
-84962.625000	54456.890625	994894.875000	
-77451.742188	54490.332031	995505.812500	
-0.041343	0.032234	0.588902	
-0.036458	0.031874	0.582325	
-0.032034	0.031875	0.582340	
-0.027611	0.031876	0.582355	
-0.023187	0.031877	0.582370	
-0.018763	0.031878	0.582385	
-0.014339	0.031878	0.582400	
-0.009915	0.031879	0.582415	
-0.005490	0.031880	0.582430	
-0.001065	0.031881	0.582445	
0.003360	0.031882	0.582460	
0.007785	0.031883	0.582475	
0.012210	0.031883	0.582490	
0.016636	0.031884	0.582505	
0.021062	0.031885	0.582520	
0.025488	0.031886	0.582535	
0.029915	0.031887	0.582550	
0.034341	0.031887	0.582565	
0.038768	0.031888	0.582580	
0.043195	0.031889	0.582595	
0.047623	0.031890	0.582610	
0.052050	0.031891	0.582625	
0.056478	0.031892	0.582640	
0.061177	0.032035	0.585252	
0.065948	0.032193	0.588140	
118702.046875	54268.101563	991445.750000	
126117.976563	54218.113281	990532.500000	
133512.859375	54165.191406	989565.750000	
-84925.562500	61928.476563	994460.937500	
-77417.921875	61966.476563	995071.187500	
-0.041179	0.036527	0.586559	
-0.036151	0.035959	0.577430	
-0.031712	0.035899	0.576478	
-0.027333	0.035900	0.576492	
-0.022954	0.035901	0.576507	
-0.018574	0.035902	0.576522	
-0.014195	0.035903	0.576536	
-0.009815	0.035904	0.576551	
-0.005435	0.035905	0.576566	
-0.001055	0.035906	0.576581	
0.003326	0.035907	0.576595	
0.007707	0.035907	0.576610	
0.012087	0.035908	0.576625	
0.016469	0.035909	0.576639	
0.020850	0.035910	0.576654	
0.025232	0.035911	0.576669	
0.029613	0.035912	0.576684	
0.033996	0.035913	0.576698	
0.038378	0.035914	0.576713	
0.042760	0.035915	0.576728	
0.047143	0.035916	0.576742	
0.051526	0.035917	0.576757	
0.055937	0.035936	0.577062	
0.060615	0.036110	0.579869	
0.065338	0.036287	0.582704	
118650.640625	61713.976563	991016.375000	
126063.437500	61657.164063	990104.125000	
133455.250000	61597.046875	989138.812500	
-84883.796875	69389.734375	993971.750000	
-77379.796875	69432.265625	994581.062500	
-0.041193	0.040962	0.586754	
-0.035968	0.040106	0.574501	
-0.031447	0.039908	0.571661	
-0.027061	0.039844	0.570746	
-0.022725	0.039845	0.570761	
-0.018389	0.039846	0.570775	
-0.014053	0.039847	0.570790	
-0.009717	0.039848	0.570804	
-0.005381	0.039849	0.570819	
-0.001044	0.039850	0.570833	
0.003293	0.039851	0.570847	
0.007630	0.039852	0.570862	
0.011967	0.039853	0.570876	
0.016304	0.039854	0.570891	
0.020642	0.039855	0.570905	
0.024980	0.039856	0.570920	
0.029318	0.039857	0.570934	
0.033657	0.039858	0.570948	
0.037995	0.039859	0.570963	
0.042334	0.039860	0.570977	
0.046673	0.039861	0.570992	
0.051012	0.039862	0.571006	
0.055430	0.039920	0.571828	
0.060062	0.040112	0.574585	
0.064740	0.040306	0.577368	
118592.679688	69149.617188	990532.250000	
126001.968750	69086.031250	989621.375000	
133390.312500	69018.726563	988657.437500	
-84837.320313	76839.281250	993427.625000	
-77337.382813	76886.335938	994035.812500	
-0.041590	0.045822	0.592422	
-0.036033	0.044517	0.575540	
-0.031289	0.043995	0.568790	
-0.026836	0.043779	0.566006	
-0.022501	0.043711	0.565128	
-0.018208	0.043712	0.565142	
-0.013915	0.043714	0.565156	
-0.009621	0.043715	0.565171	
-0.005328	0.043716	0.565185	
-0.001034	0.043717	0.565199	
0.003260	0.043718	0.565213	
0.007554	0.043719	0.565227	
0.011849	0.043720	0.565241	
0.016143	0.043721	0.565255	
0.020438	0.043722	0.565269	
0.024733	0.043723	0.565284	
0.029029	0.043724	0.565298	
0.033324	0.043726	0.565312	
0.037620	0.043727	0.565326	
0.041916	0.043728	0.565340	
0.046212	0.043729	0.565354	
0.050509	0.043730	0.565368	
0.054932	0.043832	0.566689	
0.059524	0.044044	0.569434	
0.064422	0.044439	0.574539	
118528.187500	76573.679688	989993.625000	
125933.601563	76503.351563	989084.437500	
133318.062500	76428.906250	988122.000000	
-84786.171875	84276.054688	992828.687500	
-77290.703125	84327.609375	993436.000000	
-0.041996	0.050778	0.598201	
-0.036256	0.049157	0.579108	
-0.031337	0.048355	0.569654	
-0.026767	0.047921	0.564546	
-0.022358	0.047666	0.561543	
-0.018030	0.047503	0.559619	
-0.013779	0.047504	0.559633	
-0.009527	0.047506	0.559647	
-0.005276	0.047507	0.559661	
-0.001024	0.047508	0.559675	
0.003228	0.047509	0.559689	
0.007481	0.047510	0.559702	
0.011733	0.047511	0.559716	
0.015986	0.047513	0.559730	
0.020239	0.047514	0.559744	
0.024492	0.047515	0.559758	
0.028745	0.047516	0.559772	
0.032999	0.047517	0.559786	
0.037252	0.047518	0.559800	
0.041506	0.047520	0.559813	
0.045760	0.047521	0.559827	
0.050138	0.047639	0.561224	
0.054699	0.047900	0.564291	
0.059510	0.048325	0.569304	
0.064810	0.049063	0.577992	
118457.234375	83985.101563	989401.062500	
125858.335938	83908.062500	988493.375000	
133238.546875	83826.507813	987532.687500	
-84730.390625	91698.710938	992175.375000	
-77239.781250	91754.718750	992781.437500	
-0.042410	0.055832	0.604094	
-0.036482	0.053856	0.582721	
-0.031529	0.052972	0.573150	
-0.026784	0.052211	0.564924	
-0.022373	0.051934	0.561918	
-0.018008	0.051659	0.558943	
-0.013689	0.051387	0.556000	
-0.009445	0.051280	0.554842	
-0.005226	0.051239	0.554406	
-0.001014	0.051226	0.554258	
0.003197	0.051227	0.554271	
0.007408	0.051228	0.554285	
0.011619	0.051229	0.554298	
0.015831	0.051231	0.554312	
0.020043	0.051232	0.554326	
0.024255	0.051233	0.554339	
0.028467	0.051234	0.554353	
0.032679	0.051236	0.554366	
0.036903	0.051253	0.554554	
0.041232	0.051397	0.556115	
0.045585	0.051542	0.557685	
0.049963	0.051688	0.559264	
0.054687	0.052141	0.564163	
0.059720	0.052802	0.571313	
0.065347	0.053862	0.582788	
118379.828125	91382.539063	988754.500000	
125776.250000	91298.820313	987848.625000	
133151.812500	91210.195313	986889.750000	
-84669.976563	99106.171875	991468.062500	
-77184.656250	99166.625000	992072.875000	
-0.042832	0.060985	0.610104	
-0.036711	0.058614	0.586379	
-0.031723	0.057645	0.576688	
-0.026939	0.056795	0.568186	
-0.022468	0.056407	0.564301	
-0.018057	0.056024	0.560470	
-0.013706	0.055646	0.556691	
-0.009456	0.055523	0.555456	
-0.005228	0.055443	0.554653	
-0.001013	0.055363	0.553853	
0.003190	0.055283	0.553055	
0.007381	0.055203	0.552259	
0.011560	0.055124	0.551466	
0.015727	0.055045	0.550675	
0.019886	0.054978	0.550003	
0.024097	0.055052	0.550748	
0.028338	0.055161	0.551840	
0.032595	0.055271	0.552936	
0.036869	0.055381	0.554036	
0.041160	0.055491	0.555141	
0.045468	0.055602	0.556251	
0.050026	0.055973	0.559964	
0.054747	0.056456	0.564787	
0.060140	0.057509	0.575329	
0.066785	0.059537	0.595609	
118296.015625	98764.945313	988054.437500	
125687.359375	98674.585938	987150.437500	
133057.890625	98578.937500	986193.625000	
-84604.984375	106497.210938	990707.062500	
-77125.335938	106562.062500	991310.375000	
-0.043262	0.066243	0.616235	
-0.036943	0.063432	0.590083	
-0.031921	0.062377	0.580271	
-0.027096	0.061432	0.571485	
-0.022597	0.061010	0.567556	
-0.018161	0.060594	0.563681	
-0.013784	0.060183	0.559858	
-0.009494	0.059950	0.557694	
-0.005247	0.059831	0.556589	
-0.001016	0.059713	0.555489	
0.003198	0.059595	0.554393	
0.007395	0.059478	0.553302	
0.011578	0.059373	0.552331	
0.015752	0.059288	0.551537	
0.019913	0.059203	0.550746	
0.024129	0.059281	0.551472	
0.028375	0.059399	0.552567	
0.032638	0.059517	0.553666	
0.036918	0.059636	0.554769	
0.041214	0.059755	0.555877	
0.045719	0.060126	0.559327	
0.050330	0.060560	0.563368	
0.055128	0.061134	0.568712	
0.060566	0.062284	0.579403	
0.068287	0.065466	0.609007	
118205.820313	106131.085938	987301.125000	
125591.695313	106034.132813	986399.187500	
132956.828125	105931.515625	985444.625000	
-84535.437500	113870.554688	989892.562500	
-77061.843750	113939.781250	990494.375000	
-0.043701	0.071607	0.622490	
-0.037178	0.068311	0.593834	
-0.032120	0.067168	0.583898	
-0.027254	0.066124	0.574823	
-0.022728	0.065667	0.570848	
-0.018265	0.065216	0.566928	
-0.013863	0.064771	0.563061	
-0.009547	0.064515	0.560837	
-0.005276	0.064386	0.559720	
-0.001022	0.064258	0.558607	
0.003216	0.064131	0.557499	
0.007436	0.064004	0.556395	
0.011640	0.063877	0.555296	
0.015828	0.063752	0.554201	
0.019999	0.063626	0.553110	
0.024216	0.063666	0.553454	
0.028478	0.063794	0.554572	
0.032757	0.063923	0.555695	
0.037054	0.064053	0.556822	
0.041423	0.064268	0.558692	
0.045997	0.064732	0.562723	
0.050638	0.065202	0.566813	
0.055514	0.065879	0.572691	
0.060998	0.067126	0.583534	
0.069859	0.071668	0.623021	
118109.320313	113479.734375	986495.125000	
125489.351563	113376.226563	985595.375000	
132848.687500	113266.687500	984643.000000	
-84461.343750	121225.195313	989025.062500	
-76994.242188	121298.773438	989625.375000	
-69514.093750	121365.625000	990170.750000	
-0.037416	0.073252	0.597634	
-0.032322	0.072019	0.587571	
-0.027414	0.070870	0.578201	
-0.022861	0.070377	0.574179	
-0.018371	0.069891	0.570213	
-0.013943	0.069412	0.566301	
-0.009602	0.069132	0.564016	
-0.005306	0.068993	0.562886	
-0.001028	0.068855	0.561761	
0.003234	0.068718	0.560640	
0.007478	0.068581	0.559524	
0.011706	0.068445	0.558412	
0.015916	0.068309	0.557304	
0.020111	0.068174	0.556201	
0.024354	0.068225	0.556620	
0.028641	0.068364	0.557750	
0.032945	0.068503	0.558886	
0.037267	0.068643	0.560026	
0.041674	0.068894	0.562080	
0.046278	0.069395	0.566161	
0.050949	0.069902	0.570301	
0.055905	0.070690	0.576727	
0.061436	0.072038	0.587724	
110613.156250	120913.367188	986480.937500	
118006.531250	120809.867188	985636.562500	
125380.335938	120699.867188	984739.187500	
132733.500000	120583.445313	983789.250000	
-84382.796875	128559.929688	988105.187500	
-76922.539063	128637.820313	988703.812500	
-69449.289063	128708.585938	989247.750000	
-0.037657	0.078257	0.601482	
-0.032527	0.076931	0.591290	
-0.027576	0.075673	0.581618	
-0.022995	0.075143	0.577549	
-0.018478	0.074621	0.573536	
-0.014024	0.074107	0.569579	
-0.009656	0.073801	0.567231	
-0.005336	0.073652	0.566088	
-0.001033	0.073504	0.564950	
0.003252	0.073357	0.563816	
0.007520	0.073210	0.562687	
0.011772	0.073064	0.561563	
0.016006	0.072918	0.560443	
0.020224	0.072773	0.559327	
0.024494	0.072837	0.559821	
0.028806	0.072986	0.560965	
0.033136	0.073135	0.562114	
0.037483	0.073285	0.563267	
0.041929	0.073577	0.565510	
0.046562	0.074115	0.569640	
0.051265	0.074660	0.573832	
0.056302	0.075569	0.580820	
0.061880	0.077020	0.591976	
110510.796875	128229.843750	985568.187500	
117897.507813	128120.273438	984726.000000	
125264.734375	128003.851563	983831.187500	
132611.328125	127880.601563	982883.875000	
-84299.789063	135873.593750	987133.250000	
-76846.773438	135955.718750	987729.937500	
-69380.812500	136030.359375	988272.250000	
-0.037901	0.083327	0.605381	
-0.032734	0.081906	0.595057	
-0.027740	0.080533	0.585080	
-0.023131	0.079966	0.580958	
-0.018587	0.079407	0.576898	
-0.014105	0.078856	0.572895	
-0.009712	0.078524	0.570482	
-0.005367	0.078365	0.569326	
-0.001039	0.078206	0.568175	
0.003271	0.078048	0.567029	
0.007563	0.077891	0.565887	
0.011839	0.077735	0.564750	
0.016097	0.077579	0.563617	
0.020338	0.077424	0.562489	
0.024636	0.077502	0.563060	
0.028973	0.077661	0.564217	
0.033328	0.077821	0.565379	
0.037701	0.077982	0.566546	
0.042186	0.078317	0.568981	
0.046850	0.078893	0.573163	
0.051584	0.079477	0.577407	
0.056704	0.080518	0.584972	
0.062331	0.082076	0.596289	
110402.640625	135525.390625	984603.562500	
117782.328125	135409.796875	983763.937500	
125142.562500	135286.984375	982871.625000	
132482.265625	135156.984375	981927.187500	
-84212.359375	143165.062500	986109.562500	
-76767.000000	143251.468750	986704.562500	
-69308.695313	143329.953125	987245.125000	
-0.038148	0.088464	0.609330	
-0.032944	0.086945	0.598872	
-0.027915	0.085478	0.588768	
-0.023268	0.084845	0.584408	
-0.018696	0.084249	0.580300	
-0.014188	0.083661	0.576249	
-0.009768	0.083301	0.573771	
-0.005398	0.083131	0.572602	
-0.001045	0.082962	0.571438	
0.003289	0.082794	0.570278	
0.007606	0.082626	0.569123	
0.011906	0.082459	0.567973	
0.016188	0.082293	0.566827	
0.020453	0.082127	0.565686	
0.024780	0.082222	0.566336	
0.029142	0.082392	0.567507	
0.033523	0.082562	0.568683	
0.037922	0.082734	0.569863	
0.042447	0.083116	0.572496	
0.047142	0.083731	0.576730	
0.051907	0.084354	0.581026	
0.057112	0.085539	0.589183	
0.062789	0.087206	0.600665	
110288.742188	142798.953125	983587.812500	
117661.023438	142677.437500	982750.687500	
125013.914063	142548.296875	981861.250000	
132346.312500	142411.593750	980919.687500	
-84120.585938	150433.390625	985034.812500	
-76683.226563	150523.953125	985627.750000	
-69232.984375	150606.234375	986166.625000	
-0.038399	0.093667	0.613331	
-0.033156	0.092049	0.602737	
-0.028092	0.090486	0.592503	
-0.023407	0.089783	0.587900	
-0.018807	0.089148	0.583742	
-0.014271	0.088523	0.579644	
-0.009824	0.088134	0.577099	
-0.005429	0.087953	0.575916	
-0.001051	0.087773	0.574738	
0.003308	0.087594	0.573565	
0.007650	0.087416	0.572397	
0.011974	0.087238	0.571233	
0.016281	0.087061	0.570074	
0.020570	0.086885	0.568920	
0.024925	0.086996	0.569651	
0.029313	0.087177	0.570836	
0.033720	0.087359	0.572025	
0.038145	0.087541	0.573220	
0.042710	0.087974	0.576054	
0.047437	0.088629	0.580341	
0.052235	0.089293	0.584692	
0.057526	0.090632	0.593455	
0.063253	0.092411	0.605106	
110169.148438	150049.515625	982521.250000	
117533.656250	149922.109375	981686.937500	
124878.820313	149786.703125	980800.250000	
132203.593750	149643.359375	979861.750000	
-84024.484375	157677.375000	983909.437500	
-76595.507813	157772.093750	984500.437500	
-69153.710938	157858.140625	985037.375000	
-61700.402344	157935.468750	985519.812500	
-0.033372	0.097220	0.606651	
-0.028271	0.095558	0.596285	
-0.023548	0.094781	0.591433	
-0.018919	0.094106	0.587226	
-0.014356	0.093442	0.583078	
-0.009882	0.093023	0.580465	
-0.005460	0.092831	0.579268	
-0.001057	0.092640	0.578077	
0.003327	0.092450	0.576890	
0.007694	0.092261	0.575708	
0.012044	0.092072	0.574531	
0.016375	0.091884	0.573359	
0.020689	0.091697	0.572191	
0.025071	0.091827	0.573005	
0.029486	0.092020	0.574203	
0.033919	0.092212	0.575407	
0.038371	0.092406	0.576616	
0.042977	0.092894	0.579657	
0.047736	0.093589	0.583998	
0.052566	0.094295	0.588404	
0.057947	0.095799	0.597790	
102669.359375	157400.750000	982183.187500	
110043.921875	157275.937500	981404.375000	
117400.281250	157142.687500	980572.875000	
124737.390625	157001.109375	979689.375000	
132054.140625	156851.203125	978754.000000	
-83924.093750	164895.953125	982733.875000	
-76503.890625	164994.765625	983322.812500	
-69070.898438	165084.546875	983857.812500	
-61626.453125	165165.218750	984338.687500	
-0.033590	0.102457	0.610617	
-0.028453	0.100695	0.600116	
-0.023690	0.099838	0.595009	
-0.019033	0.099124	0.590751	
-0.014441	0.098420	0.586554	
-0.009940	0.097969	0.583871	
-0.005492	0.097766	0.582660	
-0.001064	0.097564	0.581454	
0.003347	0.097363	0.580254	
0.007739	0.097162	0.579058	
0.012114	0.096962	0.577867	
0.016470	0.096763	0.576681	
0.020808	0.096565	0.575500	
0.025220	0.096716	0.576398	
0.029661	0.096919	0.577611	
0.034121	0.097124	0.578829	
0.038600	0.097329	0.580052	
0.043248	0.097875	0.583305	
0.048039	0.098612	0.587701	
0.052902	0.099361	0.592163	
95164.296875	164728.734375	981737.375000	
102547.140625	164607.375000	981014.062500	
109913.125000	164477.156250	980237.937500	
117260.968750	164338.109375	979409.375000	
124589.640625	164190.390625	978529.000000	
131898.031250	164034.015625	977596.937500	
-83819.484375	172088.203125	981509.000000	
-76408.421875	172191.078125	982095.687500	
-68984.609375	172284.531250	982628.687500	
-61549.382813	172368.500000	983107.687500	
-54103.835938	172442.984375	983532.562500	
-0.028637	0.105899	0.603996	
-0.023835	0.104958	0.598628	
-0.019148	0.104202	0.594319	
-0.014528	0.103457	0.590070	
-0.009998	0.102974	0.587316	
-0.005525	0.102760	0.586091	
-0.001070	0.102546	0.584872	
0.003367	0.102333	0.583657	
0.007785	0.102121	0.582447	
0.012184	0.101909	0.581242	
0.016566	0.101699	0.580043	
0.020929	0.101490	0.578848	
0.025370	0.101662	0.579832	
0.029838	0.101877	0.581060	
0.034325	0.102093	0.582292	
0.038831	0.102310	0.583530	
0.043522	0.102919	0.586999	
0.048345	0.103699	0.591451	
87656.343750	172031.171875	981183.750000	
95045.906250	171914.109375	980516.062500	
102419.757813	171787.765625	979795.437500	
109776.812500	171652.203125	979022.187500	
117115.796875	171507.484375	978196.812500	
124435.664063	171353.687500	977319.625000	
131735.328125	171190.875000	976391.000000	
-83710.703125	179253.031250	980235.125000	
-76309.132813	179359.890625	980819.500000	
-68894.867188	179456.984375	981350.437500	
-61469.238281	179544.218750	981827.562500	
-54033.328125	179621.625000	982250.750000	
-46588.464844	179689.078125	982619.625000	
-39135.785156	179746.593750	982934.187500	
-0.019264	0.109342	0.597930	
-0.014616	0.108556	0.593630	
-0.010058	0.108039	0.590803	
-0.005557	0.107812	0.589564	
-0.001076	0.107586	0.588329	
0.003386	0.107361	0.587100	
0.007830	0.107138	0.585876	
0.012256	0.106915	0.584657	
0.016663	0.106693	0.583443	
0.021052	0.106472	0.582235	
0.025522	0.106668	0.583308	
0.030017	0.106895	0.584550	
0.034532	0.107123	0.585797	
0.039066	0.107352	0.587050	
0.043799	0.108027	0.590741	
80148.101563	179305.703125	980523.187500	
87542.656250	179193.781250	979911.125000	
94922.796875	179072.140625	979246.000000	
102287.296875	178940.906250	978528.312500	
109635.046875	178800.031250	977758.000000	
116964.828125	178649.687500	976935.812500	
124275.531250	178489.875000	976061.937500	
131566.125000	178320.734375	975137.000000	
-83597.781250	186389.390625	978912.875000	
-76206.070313	186500.203125	979494.937500	
-68801.734375	186600.875000	980023.687500	
-61386.050781	186691.359375	980498.875000	
-53960.140625	186771.593750	980920.312500	
-46525.316406	186841.562500	981287.750000	
-39082.707031	186901.218750	981601.000000	
-31633.634766	186950.484375	981859.875000	
-24179.292969	186989.421875	982064.375000	
-16720.857422	187017.968750	982214.125000	
-0.005591	0.112925	0.593077	
-0.001083	0.112687	0.591828	
0.003406	0.112450	0.590584	
0.007877	0.112214	0.589346	
0.012328	0.111979	0.588112	
0.016761	0.111745	0.586884	
0.021176	0.111512	0.585661	
0.025676	0.111734	0.586825	
0.030199	0.111973	0.588082	
0.034838	0.112527	0.590991	
0.039553	0.113170	0.594369	
72642.015625	186549.953125	979756.250000	
80039.929688	186444.015625	979199.812500	
87424.640625	186327.953125	978590.312500	
94795.015625	186201.812500	977927.812500	
102149.789063	186065.687500	977212.875000	
109487.906250	185919.609375	976445.750000	
116808.101563	185763.687500	975626.812500	
124109.312500	185597.984375	974756.500000	
131390.500000	185422.562500	973835.250000	
-83480.789063	193496.421875	977542.937500	
-76099.289063	193611.125000	978122.500000	
-68705.226563	193715.359375	978649.062500	
-61299.871094	193809.046875	979122.312500	
-53884.316406	193892.093750	979541.875000	
-46459.890625	193964.515625	979907.750000	
-39027.707031	194026.250000	980219.687500	
-31589.101563	194077.296875	980477.562500	
-24145.236328	194117.593750	980681.125000	
-16697.298828	194147.125000	980830.312500	
-9246.635742	194165.906250	980925.125000	
-1794.376831	194173.890625	980965.562500	
5658.124023	194171.093750	980951.437500	
13109.682617	194157.515625	980882.812500	
20559.115234	194133.156250	980759.812500	
28005.066406	194098.031250	980582.312500	
35446.417969	194052.156250	980350.625000	
42881.816406	193995.578125	980064.687500	
50310.105469	193928.296875	979724.875000	
57730.105469	193850.359375	979331.062500	
65140.492188	193761.781250	978883.500000	
72540.171875	193662.625000	978382.625000	
79927.843750	193552.968750	977828.625000	
87302.375000	193432.812500	977221.625000	
94662.632813	193302.250000	976562.000000	
102007.335938	193161.328125	975850.062500	
109335.453125	193010.109375	975086.062500	
116645.726563	192848.687500	974270.562500	
123937.101563	192677.125000	973403.937500	
131208.500000	192495.515625	972486.375000	
-83359.781250	200573.062500	976125.812500	
-75988.851563	200691.625000	976702.875000	
-68605.398438	200799.359375	977227.125000	
-61210.714844	200896.140625	977698.250000	
-53805.882813	200982.015625	978116.125000	
-46392.214844	201056.859375	978480.312500	
-38970.820313	201120.656250	978790.875000	
-31543.031250	201173.406250	979047.625000	
-24110.009766	201215.078125	979250.312500	
-16672.929688	201245.593750	979398.875000	
-9233.138672	201265.000000	979493.312500	
-1791.757324	201273.250000	979533.437500	
5649.864258	201270.359375	979519.375000	
13090.547852	201256.312500	979451.125000	
20529.115234	201231.171875	979328.625000	
27964.214844	201194.859375	979151.875000	
35394.738281	201147.468750	978921.375000	
42819.332031	201088.968750	978636.625000	
50236.847656	201019.437500	978298.250000	
57646.109375	200938.859375	977906.187500	
65045.812500	200847.343750	977460.750000	
72434.843750	200744.875000	976962.000000	
79811.906250	200631.500000	976410.250000	
87175.898438	200507.312500	975805.875000	
94525.664063	200372.359375	975149.125000	
101859.960938	200226.687500	974440.187500	
109177.742188	200070.390625	973679.625000	
116477.757813	199903.562500	972867.687500	
123758.953125	199726.250000	972004.750000	
131020.265625	199538.546875	971091.125000	
-83234.789063	207618.484375	974662.250000	
-75874.781250	207740.875000	975236.687500	
-68502.304688	207852.046875	975758.687500	
-61118.648438	207951.953125	976227.625000	
-53724.882813	208040.562500	976643.625000	
-46322.324219	208117.812500	977006.250000	
-38912.074219	208183.656250	977315.437500	
-31495.451172	208238.078125	977570.875000	
-24073.628906	208281.062500	977772.625000	
-16647.765625	208312.593750	977920.625000	
-9219.199219	208332.593750	978014.562500	
-1789.052124	208341.125000	978054.562500	
5641.334473	208338.125000	978040.562500	
13070.787109	208323.656250	977972.625000	
20498.132813	208297.671875	977850.625000	
27922.029297	208260.203125	977674.812500	
35341.363281	208211.281250	977445.125000	
42754.804688	208150.953125	977161.812500	
50161.191406	208079.171875	976824.937500	
57559.363281	207996.031250	976434.562500	
64948.015625	207901.578125	975991.187500	
72326.046875	207795.812500	975494.625000	
79692.179688	207678.828125	974945.437500	
87045.273438	207550.656250	974343.750000	
94384.234375	207411.390625	973690.000000	
101707.773438	207261.062500	972984.250000	
109014.867188	207099.750000	972227.062500	
116304.273438	206927.546875	971418.625000	
123574.960938	206744.562500	970559.687500	
130825.835938	206550.843750	969650.062500	
