0.000000 0.000000
0.000000 0.000000
0.000000 0.000000
-0.021454 0.009375
0.015337 0.018645
0.061312 0.037149
0.061312 0.037149
0.061312 0.037149
0.088724 0.037131
0.088724 0.037131
0.088724 0.037131
0.088724 0.037131
0.088724 0.037131
0.088724 0.037131
0.088724 0.037131
0.088724 0.037131
0.088724 0.037131
0.088724 0.037131
0.088724 0.037131
0.088724 0.037131
0.088724 0.037131
0.088724 0.037131
0.088724 0.037131
0.088724 0.037131
0.088724 0.037131
0.088724 0.037131
0.088724 0.037131
0.088724 0.037131
0.088724 0.037131
0.088895 0.046387
