0.000000 0.000000
0.000000 0.000000
0.000000 0.000000
0.009680 0.173720
0.037218 0.155281
0.064755 0.155123
0.055511 0.155218
0.046220 0.155407
0.055430 0.146044
0.064443 0.164480
0.045772 0.216440
0.063997 0.174019
0.054752 0.201495
0.082273 0.173952
0.063749 0.183300
0.036092 0.226671
0.045148 0.251555
0.072428 0.251546
0.090519 0.251759
0.044359 0.291866
0.053340 0.277089
0.043672 0.327009
0.043672 0.307009
0.043371 0.351939
0.043371 0.351939
0.061747 0.332043
0.061747 0.332043
0.089371 0.307050
0.061747 0.292043
0.061747 0.292043
0.089371 0.247050
0.089371 0.227050
0.089371 0.227050
0.089371 0.227050
0.089371 0.207050
0.061747 0.232043
0.061747 0.232043
0.043371 0.231939
0.061747 0.232043
0.061747 0.212043
