0.000000 0.000000
0.000000 0.000000
0.000000 0.000000
0.009233 0.054236
0.027650 0.072599
0.027622 0.054538
0.036913 0.045549
0.036880 0.109911
0.046058 0.091617
0.046029 0.091666
0.045994 0.091675
0.036840 0.055017
0.045994 0.091675
0.064207 0.100843
0.055063 0.082495
0.073423 0.054917
0.073239 0.091702
0.091571 0.073342
0.082208 0.091788
0.082208 0.091788
0.082208 0.091788
0.082208 0.091788
0.063832 0.064299
0.091429 0.045830
0.091429 0.045830
0.091429 0.045830
0.082054 0.091792
0.081969 0.091713
0.063704 0.073292
0.045411 0.036525
0.045411 0.036525
0.072663 0.064149
0.072663 0.064149
0.054049 0.064308
0.053761 0.073533
0.072003 0.046085
0.080873 0.082852
0.080873 0.082852
0.080873 0.082852
0.080873 0.082852
