0.000000 0.000000
0.000000 0.000000
0.000000 0.000000
0.000125 0.036453
0.037089 0.045323
0.037124 0.054491
0.037178 0.081968
0.037059 0.045543
0.037155 0.036231
0.046357 0.082038
0.055379 0.082248
0.073472 0.082504
0.054885 0.064407
0.045622 0.036997
0.045622 0.036997
0.063716 0.055467
0.036188 0.046318
0.036188 0.046318
0.036188 0.046318
0.072850 0.046283
0.109184 0.037276
0.109184 0.037276
0.053935 0.046510
0.081324 0.037316
0.081324 0.037316
0.117938 0.037320
0.117938 0.037320
0.163961 0.046465
0.163705 0.083118
0.173013 0.055657
0.173013 0.055657
0.163961 0.046465
0.154482 0.083221
0.154482 0.083221
0.173013 0.055657
0.163961 0.046465
0.173013 0.055657
0.163705 0.083118
0.163705 0.083118
0.182068 0.083065
