0.000000 0.000000
0.000000 0.000000
0.000000 0.000000
0.033226 -0.000462
0.051716 0.009080
0.042570 0.018243
0.107144 0.018354
0.143851 0.027508
0.143851 0.027508
0.143851 0.027508
0.143851 0.027508
0.143851 0.027508
0.143851 0.027508
0.107144 0.018354
0.134578 0.018564
0.079457 0.027766
0.106839 0.036953
0.106839 0.036953
0.106839 0.036953
0.106839 0.036953
0.106839 0.036953
0.106839 0.036953
0.106839 0.036953
0.106839 0.036953
0.106839 0.036953
0.106839 0.036953
0.106839 0.036953
0.079457 0.027766
0.042827 0.037054
0.042827 0.037054
