0.000000 0.000000
0.000000 0.000000
0.000000 0.000000
0.053273 0.009665
0.062573 0.028184
0.062573 0.028184
0.034990 0.037473
0.034990 0.037473
0.034990 0.037473
0.034990 0.037473
0.034990 0.037473
0.034990 0.037473
0.034990 0.037473
0.043992 0.037488
0.043992 0.037488
0.080633 0.037480
0.080633 0.037480
0.034721 0.046646
0.034721 0.046646
0.034721 0.046646
0.080816 0.064947
0.081014 0.037448
0.126831 0.055742
0.108231 0.092374
0.108231 0.092374
0.126831 0.055742
0.126831 0.055742
0.126746 0.046622
0.126746 0.046622
0.108276 0.064908
