0.000000 0.000000
0.000000 0.000000
0.000000 0.000000
0.063294 0.009723
0.090854 0.037301
0.072670 0.037256
0.118655 0.037202
0.164584 0.037165
0.173770 0.037148
0.164449 0.055530
0.155125 0.064728
0.191795 0.055546
0.205985 0.037228
0.200744 0.064781
0.200599 0.064751
0.172941 0.073904
0.163692 0.092171
0.182068 0.083065
0.163679 0.083071
0.172936 0.064773
0.173013 0.055657
0.172936 0.064773
0.172936 0.064773
0.145329 0.092326
0.145329 0.092326
0.136252 0.073870
0.136252 0.073870
0.136252 0.073870
0.136252 0.073870
0.136252 0.073870
0.173217 0.037114
0.172936 0.064773
0.182068 0.083065
0.145329 0.092326
0.182276 0.092287
0.145329 0.092326
0.136086 0.064774
0.136086 0.064774
0.136086 0.064774
0.145360 0.046386
