0.000000 0.000000
0.000000 0.000000
0.000000 0.000000
-0.003017 0.009072
0.042999 0.018275
0.043342 0.027656
0.080256 0.027932
0.098541 0.028117
0.061713 0.028146
0.034144 0.046491
0.061639 0.037326
0.061639 0.037326
0.061639 0.037326
0.061639 0.037326
0.061639 0.037326
0.061639 0.037326
0.061639 0.037326
0.061639 0.037326
0.061639 0.037326
0.061639 0.037326
0.061639 0.037326
0.061639 0.037326
0.061639 0.037326
0.061639 0.037326
0.061639 0.037326
0.061639 0.037326
0.061639 0.037326
0.117051 0.046621
0.117051 0.046621
0.117051 0.046621
