0.000000 0.000000
0.000000 0.000000
0.000000 0.000000
0.007500 0.007500
0.053333 0.025833
0.035000 0.035000
0.035000 0.035000
0.035000 0.035000
0.035000 0.035000
0.035000 0.035000
0.044167 0.035000
0.044167 0.035000
0.044167 0.035000
0.044167 0.035000
0.044167 0.035000
0.044167 0.035000
0.044167 0.035000
0.080833 0.035000
0.080833 0.035000
0.080833 0.035000
0.080833 0.035000
0.080833 0.035000
0.071667 0.035000
0.071667 0.035000
0.071667 0.035000
0.071667 0.035000
0.071667 0.035000
0.035000 0.044167
0.080833 0.062500
0.080833 0.062500
