0.000000 0.000000
0.000000 0.000000
0.000000 0.000000
-0.001667 0.700000
0.016667 0.745000
0.016667 0.725000
0.016667 0.705000
0.016667 0.685000
0.016667 0.665000
0.016667 0.645000
0.016667 0.645000
-0.001667 0.645000
0.016667 0.670000
0.007500 0.720000
0.025833 0.750000
0.025833 0.730000
0.025833 0.730000
0.025833 0.730000
0.025833 0.730000
0.025833 0.730000
0.025833 0.730000
0.025833 0.730000
0.025833 0.730000
0.025833 0.730000
0.025833 0.750000
0.025833 0.750000
0.025833 0.750000
0.025833 0.750000
0.025833 0.750000
0.025833 0.750000
