0.000000 0.000000
0.000000 0.000000
0.000000 0.000000
0.007137 0.009871
0.034990 0.037473
0.034990 0.037473
0.034990 0.037473
0.034990 0.037473
0.034990 0.037473
0.034990 0.037473
0.034990 0.037473
0.034990 0.037473
0.034990 0.037473
0.034990 0.037473
0.034990 0.037473
0.034990 0.037473
0.034990 0.037473
0.081316 0.046606
0.090854 0.037301
0.072670 0.037256
0.137209 0.046253
0.155376 0.046328
0.118450 0.037291
0.109182 0.083092
0.099652 0.055700
0.099648 0.074020
0.117852 0.092358
0.090522 0.074047
0.090522 0.074047
0.062950 0.083180
0.062873 0.074031
0.090490 0.046514
0.090356 0.064805
0.099553 0.083031
0.099553 0.083031
0.053722 0.110491
0.044540 0.101258
0.044462 0.092068
0.044698 0.101075
0.071799 0.091952
