0.000000 0.000000
0.000000 0.000000
0.000000 0.000000
0.009904 0.099850
0.037303 0.109265
0.055511 0.155218
0.082956 0.182652
0.092106 0.191733
0.083003 0.164047
0.092078 0.200696
0.101077 0.255935
0.045772 0.296440
0.054752 0.316495
0.054682 0.341378
0.054682 0.321378
0.036092 0.366671
0.045148 0.371555
0.072428 0.391546
0.090519 0.411759
0.109047 0.356792
0.062998 0.381857
0.053264 0.447043
0.062207 0.497120
0.061747 0.552043
0.089371 0.527050
0.089371 0.527050
0.089371 0.547050
0.043371 0.531939
0.089371 0.527050
0.089371 0.507050
0.043371 0.511939
0.043371 0.511939
0.061747 0.532043
0.089371 0.487050
0.089371 0.467050
0.061747 0.492043
0.089371 0.447050
0.061747 0.432043
0.116998 0.442068
0.116998 0.442068
