0.000000 0.000000
0.000000 0.000000
0.000000 0.000000
-0.001667 0.007500
0.016667 0.007500
0.025833 0.016667
0.025833 0.016667
0.044167 0.025833
0.062500 0.016667
0.035000 0.035000
0.035000 0.035000
0.035000 0.035000
0.035000 0.035000
0.035000 0.035000
0.035000 0.035000
0.035000 0.035000
0.035000 0.035000
0.035000 0.035000
0.035000 0.035000
0.035000 0.035000
0.035000 0.035000
0.035000 0.035000
0.035000 0.035000
0.035000 0.035000
0.035000 0.035000
0.035000 0.035000
0.035000 0.035000
0.035000 0.035000
0.035000 0.035000
0.035000 0.035000
