0.000000 0.000000
0.000000 0.000000
0.000000 0.000000
-0.002301 0.008765
0.043594 0.018183
0.043342 0.027656
0.043342 0.027656
0.080256 0.027932
0.098541 0.028117
0.080314 0.028244
0.117051 0.046621
0.117051 0.046621
0.117051 0.046621
0.117051 0.046621
0.117051 0.046621
0.117051 0.046621
0.117051 0.046621
0.117051 0.046621
0.117051 0.046621
0.117051 0.046621
0.117051 0.046621
0.117051 0.046621
0.117051 0.046621
0.117051 0.046621
0.108087 0.046653
0.108087 0.046653
0.080633 0.037480
0.043992 0.037488
0.043992 0.037488
0.043915 0.037457
