0.000000 0.000000
0.000000 0.000000
0.000000 0.000000
0.000324 0.164844
0.037218 0.155281
0.064755 0.155123
0.055511 0.155218
0.046205 0.137061
0.055064 0.155654
0.073251 0.137427
0.063950 0.164945
0.091298 0.192384
0.081904 0.183386
0.035633 0.226853
0.062998 0.246857
0.044359 0.271866
0.053340 0.277089
0.043672 0.307009
0.043672 0.307009
0.043672 0.287009
0.089594 0.267119
0.089594 0.247119
0.089594 0.247119
0.089594 0.247119
0.089594 0.247119
0.089594 0.227119
0.089594 0.227119
0.135689 0.183716
0.089371 0.227050
0.116998 0.222068
0.089371 0.247050
0.089371 0.267050
0.089371 0.287050
0.089371 0.267050
0.061747 0.272043
0.061747 0.272043
0.089371 0.247050
0.089371 0.207050
0.061747 0.212043
0.043371 0.211939
