0.000000 0.000000
0.000000 0.000000
0.000000 0.000000
0.045250 0.000486
0.072670 0.037256
0.118655 0.037202
0.118655 0.037202
0.164584 0.037165
0.164650 0.037104
0.164449 0.055530
0.164433 0.055503
0.118052 0.092333
0.118052 0.092333
0.099673 0.074006
0.062873 0.074031
0.062930 0.064814
0.062873 0.074031
0.099652 0.055700
0.099648 0.074020
0.081363 0.055624
0.090356 0.064805
0.090356 0.064805
0.117716 0.055583
0.117716 0.055583
0.117576 0.073962
0.117576 0.073962
0.108508 0.037124
0.099221 0.046287
0.136025 0.037135
0.154507 0.055485
