0.000000 0.000000
0.000000 0.000000
0.000000 0.000000
0.045250 0.000486
0.072670 0.037256
0.118655 0.037202
0.118655 0.037202
0.164584 0.037165
0.182909 0.037136
0.182909 0.037136
0.201123 0.037187
0.191795 0.055546
0.191795 0.055546
0.154745 0.101451
0.154745 0.101451
0.173281 0.101290
0.200726 0.092117
0.215726 0.092117
0.200589 0.092050
0.163692 0.092171
0.172941 0.073904
0.200599 0.064751
0.210599 0.064751
0.163729 0.064758
0.136086 0.064774
0.126586 0.092208
0.126586 0.092208
0.117309 0.119687
0.117249 0.110609
0.117249 0.110609
0.154223 0.101374
0.154223 0.101374
0.135975 0.082983
0.099012 0.092325
0.071169 0.083159
0.071258 0.055643
0.071258 0.055643
0.071258 0.055643
0.071169 0.083159
0.098697 0.064739
