0.000000 0.000000
0.000000 0.000000
0.000000 0.000000
0.009420 0.091427
0.037124 0.054491
0.037059 0.045543
0.036873 0.064156
0.055027 0.055160
0.036811 0.036704
0.064110 0.055195
0.082494 0.045953
0.082494 0.045953
0.082494 0.045953
0.045853 0.064228
0.054903 0.091829
0.054903 0.091829
0.036624 0.091750
0.036624 0.091750
0.055063 0.082495
0.055063 0.082495
0.055063 0.082495
0.036675 0.110054
0.036667 0.146715
0.036609 0.155956
0.036527 0.128309
0.045680 0.119044
0.045680 0.119044
0.045680 0.119044
0.054880 0.091459
0.054694 0.100584
0.045630 0.091464
0.045582 0.137354
0.073126 0.128023
0.045611 0.100372
0.045611 0.100372
0.091562 0.109422
0.100499 0.137041
0.091498 0.164580
0.073197 0.164479
0.091423 0.182987
