0.000000 0.000000
0.000000 0.000000
0.000000 0.000000
-0.003017 0.009072
0.043342 0.027656
0.043342 0.027656
0.043342 0.027656
0.080256 0.027932
0.098541 0.028117
0.153829 0.037430
0.153829 0.037430
0.153829 0.037430
0.153829 0.037430
0.153829 0.037430
0.153829 0.037430
0.153829 0.037430
0.153829 0.037430
0.153829 0.037430
0.171758 0.037349
0.171758 0.037349
0.171758 0.037349
0.153357 0.037342
0.153357 0.037342
0.171758 0.037349
0.171758 0.037349
0.153357 0.037342
0.088895 0.046387
0.088895 0.046387
0.088895 0.046387
0.042827 0.037054
