0.000000 0.000000
0.000000 0.000000
0.000000 0.000000
0.009396 0.118051
0.027928 0.136148
0.028044 0.117750
0.037292 0.117932
0.037292 0.117932
0.037292 0.117932
0.037328 0.163970
0.037257 0.155056
0.037314 0.154994
0.037407 0.163924
0.037437 0.145482
0.046546 0.127413
0.046593 0.145603
0.055796 0.108725
0.055731 0.118182
0.055731 0.118182
0.037398 0.090479
0.055622 0.136749
0.037278 0.109135
0.037178 0.136820
0.037178 0.136820
0.046356 0.127783
0.046356 0.127783
0.037166 0.109436
0.037166 0.109436
0.037166 0.109436
0.046205 0.137061
0.036996 0.109333
0.055338 0.081688
0.046101 0.072519
0.036924 0.044952
0.036924 0.044952
0.036728 0.035759
0.045866 0.054085
0.045866 0.054085
0.045680 0.072611
0.054785 0.109469
