0.000000 0.000000
0.000000 0.000000
0.000000 0.000000
0.009811 0.190887
0.028078 0.163704
0.028078 0.163704
0.028107 0.145421
0.037292 0.117932
0.037292 0.117932
0.037292 0.117932
0.037459 0.136152
0.046630 0.163718
0.046658 0.136032
0.046653 0.081094
0.055796 0.108725
0.046642 0.071986
0.046642 0.071986
0.046642 0.071986
0.055753 0.117820
0.055753 0.117820
0.046527 0.117829
0.073952 0.117832
0.092201 0.108621
0.101240 0.108548
0.091949 0.099299
0.082803 0.090211
0.082652 0.071806
0.045684 0.062559
0.045684 0.062559
0.063881 0.062515
