0.000000 0.000000
0.000000 0.000000
0.000000 0.000000
-0.003017 0.009072
0.042999 0.018275
0.043342 0.027656
0.043342 0.027656
0.080256 0.027932
0.098541 0.028117
0.061713 0.028146
0.034144 0.046491
0.034144 0.046491
0.034144 0.046491
0.034144 0.046491
0.034144 0.046491
0.034144 0.046491
0.034144 0.046491
0.034144 0.046491
0.034144 0.046491
0.034144 0.046491
0.061639 0.037326
0.117051 0.046621
0.125774 0.037322
0.107464 0.046487
0.107464 0.046487
0.070780 0.055643
0.070780 0.055643
0.070780 0.055643
0.098413 0.046533
0.098413 0.046533
0.135098 0.064814
0.135098 0.064814
0.089423 0.092317
0.061672 0.073861
0.061672 0.073861
0.034389 0.101341
0.062207 0.101447
0.062071 0.046552
0.034654 0.073988
0.034654 0.073988
