0.000000 0.000000
0.000000 0.000000
0.000000 0.000000
-0.021914 -0.000193
0.024081 0.009127
0.079457 0.027766
0.079457 0.027766
0.106839 0.036953
0.106839 0.036953
0.106839 0.036953
0.106839 0.036953
0.106839 0.036953
0.106839 0.036953
0.106839 0.036953
0.106839 0.036953
0.106839 0.036953
0.106839 0.036953
0.106839 0.036953
0.106839 0.036953
0.106839 0.036953
0.106839 0.036953
0.106839 0.036953
0.106839 0.036953
0.106839 0.036953
0.134614 0.046326
0.125459 0.037164
0.088895 0.046387
0.088895 0.046387
0.088895 0.046387
0.088772 0.046343
0.088772 0.046343
0.088772 0.046343
0.079520 0.037115
0.042821 0.055392
0.070247 0.036992
0.097667 0.046035
0.070247 0.036992
0.097580 0.036809
0.097580 0.036809
0.097580 0.036809
