0.000000 0.000000
0.000000 0.000000
0.000000 0.000000
0.007137 0.009871
0.034990 0.037473
0.034990 0.037473
0.034990 0.037473
0.034990 0.037473
0.034990 0.037473
0.034990 0.037473
0.034990 0.037473
0.034990 0.037473
0.034990 0.037473
0.034990 0.037473
0.081316 0.046606
0.090854 0.037301
0.072670 0.037256
0.072670 0.037256
0.118655 0.037202
0.164584 0.037165
0.127562 0.055644
0.127541 0.064813
0.099673 0.074006
0.099673 0.074006
0.062950 0.083180
0.099673 0.074006
0.099652 0.055700
0.145432 0.046492
0.145432 0.046492
0.145432 0.046492
0.163679 0.083071
0.163679 0.083071
0.182263 0.082968
0.182263 0.082968
0.145400 0.064775
0.172983 0.092243
0.163705 0.083118
0.163705 0.083118
0.182068 0.083065
0.182068 0.083065
