0.000000 0.000000
0.000000 0.000000
0.000000 0.000000
0.018684 0.099885
0.027928 0.136148
0.037292 0.117932
0.037328 0.163970
0.037328 0.163970
0.037328 0.163970
0.037328 0.163970
0.037314 0.154994
0.037314 0.154994
0.037314 0.154994
0.037314 0.154994
0.037407 0.163924
0.037442 0.154628
0.037442 0.154628
0.037442 0.154628
0.037437 0.145482
0.055748 0.118143
0.055731 0.118182
0.064834 0.127460
0.055631 0.127520
0.046359 0.145960
0.037178 0.136820
0.055430 0.146044
0.055430 0.146044
0.046274 0.109346
0.082898 0.136746
0.064555 0.136671
0.091911 0.109202
0.091911 0.109202
0.091911 0.109202
0.091877 0.145703
0.091877 0.145703
0.091725 0.145769
0.091725 0.145769
0.054980 0.127613
0.054980 0.127613
0.054980 0.127613
