0.000000 0.000000
0.000000 0.000000
0.000000 0.000000
0.033226 -0.000462
0.060773 -0.000433
0.070067 0.008813
0.070067 0.008813
0.088483 0.018192
0.143851 0.027508
0.143851 0.027508
0.143851 0.027508
0.143851 0.027508
0.143851 0.027508
0.143851 0.027508
0.143851 0.027508
0.143851 0.027508
0.143851 0.027508
0.143851 0.027508
0.143851 0.027508
0.143851 0.027508
0.143851 0.027508
0.143851 0.027508
0.143851 0.027508
0.143851 0.027508
0.143851 0.027508
0.143851 0.027508
0.143851 0.027508
0.143851 0.027508
0.107144 0.018354
0.143851 0.027508
0.143851 0.027508
0.143851 0.027508
0.143851 0.027508
0.143851 0.027508
0.143851 0.027508
0.143851 0.027508
0.143851 0.027508
0.143851 0.027508
0.143851 0.027508
0.143851 0.027508
