0.000000 0.000000
0.000000 0.000000
0.000000 0.000000
0.045250 0.000486
0.072670 0.037256
0.118655 0.037202
0.118655 0.037202
0.118655 0.037202
0.118655 0.037202
0.118655 0.037202
0.164584 0.037165
0.173770 0.037148
0.182909 0.037136
0.201123 0.037187
0.155125 0.064728
0.200985 0.037228
0.200985 0.037228
0.200744 0.064781
0.200455 0.046536
0.205455 0.046536
0.190887 0.083229
0.135884 0.101533
0.135884 0.101533
0.135925 0.083222
0.135925 0.083222
0.135925 0.083222
0.126831 0.055742
0.135884 0.101533
0.163457 0.064895
0.200313 0.064843
0.200455 0.046536
0.200455 0.046536
0.200455 0.046536
0.200455 0.046536
0.172669 0.083228
0.163485 0.055677
0.210235 0.046450
0.210235 0.046450
0.200235 0.046450
0.200235 0.046450
