0.000000 0.000000
0.000000 0.000000
0.000000 0.000000
0.009904 0.099850
0.055631 0.127520
0.037278 0.109135
0.046403 0.081458
0.046221 0.099932
0.073575 0.081560
0.100942 0.072464
0.091490 0.081496
0.109667 0.090814
0.118558 0.090664
0.136665 0.090648
0.145427 0.081310
0.163427 0.108685
0.191250 0.081195
0.135647 0.118022
0.163111 0.118029
0.144352 0.099514
0.135258 0.090541
0.153189 0.108827
0.162629 0.099876
0.163062 0.081798
0.163062 0.081798
0.163062 0.081798
0.144538 0.054170
0.172117 0.053911
0.135031 0.054019
0.134769 0.035566
