0.000000 0.000000
0.000000 0.000000
0.000000 0.000000
0.045250 0.000486
0.045220 0.046419
0.045220 0.046419
0.054467 0.037223
0.063540 0.064724
0.081783 0.037226
0.053935 0.046510
0.053935 0.046510
0.053935 0.046510
0.081363 0.055624
0.081324 0.037316
0.081112 0.083009
0.090169 0.083042
0.071616 0.101341
0.071531 0.128736
0.062223 0.092127
0.062223 0.092127
0.034652 0.073828
0.053166 0.055519
0.034428 0.092235
0.034428 0.092235
0.071105 0.110614
0.071105 0.110614
0.071105 0.110614
0.080281 0.092372
0.080302 0.074066
0.052650 0.055697
