0.000000 0.000000
0.000000 0.000000
0.000000 0.000000
0.006581 0.000387
0.025017 0.018906
0.080314 0.028244
0.062036 0.037454
0.062036 0.037454
0.052691 0.037388
0.052691 0.037388
0.052691 0.037388
0.052691 0.037388
0.052691 0.037388
0.052691 0.037388
0.052691 0.037388
0.052691 0.037388
0.071036 0.046554
0.107720 0.037391
0.153698 0.064823
0.153698 0.064823
0.162714 0.064788
0.144242 0.046457
0.144242 0.046457
0.144242 0.046457
0.162714 0.064788
0.144320 0.092179
0.135124 0.110451
0.135124 0.110451
0.135124 0.110451
0.162773 0.082932
