0.000000 0.000000
0.000000 0.000000
0.000000 0.000000
0.015684 0.000251
0.015822 0.027925
0.024668 0.027833
0.024982 0.018896
0.061639 0.037326
0.061639 0.037326
0.061639 0.037326
0.061639 0.037326
0.061639 0.037326
0.061639 0.037326
0.061639 0.037326
0.061639 0.037326
0.061639 0.037326
0.061639 0.037326
0.061639 0.037326
0.061639 0.037326
0.061639 0.037326
0.061639 0.037326
0.061639 0.037326
0.061639 0.037326
0.061639 0.037326
0.061639 0.037326
0.117051 0.046621
0.117051 0.046621
0.108087 0.046653
0.108087 0.046653
0.108087 0.046653
