0.000000 0.000000
0.000000 0.000000
0.000000 0.000000
0.045250 0.000486
0.063477 0.037226
0.072670 0.037256
0.118655 0.037202
0.164584 0.037165
0.173770 0.037148
0.182909 0.037136
0.182828 0.046301
0.226401 0.046079
0.251258 0.082731
0.231258 0.082731
0.211258 0.082731
0.231258 0.082731
0.241519 0.036655
0.221519 0.036655
0.183146 0.045890
0.201519 0.036655
0.201519 0.036655
0.201519 0.036655
0.201691 0.036456
0.164749 0.073276
0.183131 0.073152
0.183131 0.073152
0.164746 0.036254
0.192492 0.054344
0.201666 0.044994
0.201666 0.044994
0.174176 0.054223
0.155721 0.081689
0.174107 0.100055
0.183286 0.090690
0.201540 0.053754
0.246540 0.053754
0.201248 0.035512
0.231248 0.035512
0.251248 0.035512
0.271248 0.035512
