0.000000 0.000000
0.000000 0.000000
0.000000 0.000000
-0.021501 0.008975
0.043009 -0.000064
0.043009 -0.000064
0.052100 0.009090
0.042999 0.018275
0.043342 0.027656
0.043342 0.027656
0.043342 0.027656
0.043342 0.027656
0.043342 0.027656
0.043342 0.027656
0.043342 0.027656
0.043342 0.027656
0.043342 0.027656
0.043342 0.027656
0.043342 0.027656
0.043342 0.027656
0.043342 0.027656
0.080256 0.027932
0.080256 0.027932
0.080256 0.027932
0.080256 0.027932
0.080256 0.027932
0.080256 0.027932
0.080256 0.027932
0.080256 0.027932
0.080256 0.027932
