0.000000 0.000000
0.000000 0.000000
0.000000 0.000000
-0.011591 0.009428
0.043745 0.018649
0.043342 0.027656
0.080256 0.027932
0.098541 0.028117
0.098541 0.028117
0.098541 0.028117
0.098541 0.028117
0.061713 0.028146
0.088895 0.046387
0.061312 0.037149
0.061312 0.037149
0.061312 0.037149
0.061312 0.037149
0.061312 0.037149
0.061312 0.037149
0.061312 0.037149
0.061312 0.037149
0.034144 0.046491
0.061639 0.037326
0.061639 0.037326
0.061639 0.037326
0.043915 0.037457
0.043915 0.037457
0.043915 0.037457
0.043992 0.037488
0.043915 0.037457
