[[ 0.00000000e+00  0.00000000e+00  0.00000000e+00]
 [ 0.00000000e+00  0.00000000e+00  0.00000000e+00]
 [ 0.00000000e+00  0.00000000e+00  0.00000000e+00]
 [ 0.00000000e+00  0.00000000e+00  0.00000000e+00]
 [-5.89530592e-02  1.59716969e-06 -7.30504172e-07]
 [-5.40520652e-02  6.91965071e-07 -7.58405007e-07]
 [-5.39734169e-02  1.07833572e-06 -7.18466303e-07]
 [-5.40232538e-02  8.34169568e-07 -7.25636035e-07]
 [-6.10178098e-02  1.94298308e-02  1.23265072e-06]
 [-7.04071558e-02  1.97420445e-02  1.16962594e-06]
 [-6.13738944e-02  3.02277736e-02  1.46965693e-06]
 [-7.13069479e-02  2.48770797e-02  1.49584304e-06]
 [-9.40297163e-02  1.73305082e-02  1.52409084e-06]
 [-7.52583932e-02  3.70613941e-02  1.93768121e-06]
 [-7.76538733e-02  3.06832646e-02  1.78963903e-06]
 [-1.05997226e-01  3.55009801e-02  2.77426226e-06]
 [-7.77186035e-02  3.05550667e-02  1.87409789e-06]
 [-8.66109454e-02  3.63877369e-02  1.89715759e-06]
 [-8.66743529e-02  3.63817827e-02  2.45894561e-06]
 [ 0.00000000e+00  0.00000000e+00  0.00000000e+00]]